67.94, 50.8, 180.0
67.94, 50.8, 180.0
67.35, 51.9, 180.0
67.35, 51.9, 180.0
67.35, 54.11, 180.0
67.35, 54.11, 180.0
67.94, 55.21, 180.0
67.94, 55.21, 180.0
69.68, 55.21, 180.0
69.68, 55.21, 180.0
70.26, 54.11, 180.0
70.26, 54.11, 180.0
68.52, 50.8, 180.0
63.29, 35.34, 180.0
63.29, 35.34, 180.0
63.29, 37.55, 180.0
63.29, 37.55, 180.0
66.77, 37.55, 180.0
66.77, 37.55, 180.0
68.52, 40.86, 180.0
68.52, 40.86, 180.0
68.52, 41.96, 180.0
68.52, 41.96, 180.0
67.94, 43.07, 180.0
67.94, 43.07, 180.0
67.35, 43.07, 180.0
67.35, 43.07, 180.0
66.19, 45.28, 180.0
66.19, 45.28, 180.0
65.03, 45.28, 180.0
65.03, 45.28, 180.0
64.45, 46.38, 180.0
64.45, 46.38, 180.0
63.87, 46.38, 180.0
63.87, 46.38, 180.0
62.71, 48.59, 180.0
62.71, 48.59, 180.0
62.71, 54.11, 180.0
62.71, 54.11, 180.0
62.71, 49.69, 180.0
62.71, 49.69, 180.0
65.03, 45.28, 180.0
65.03, 45.28, 180.0
66.19, 45.28, 180.0
66.19, 45.28, 180.0
66.77, 44.17, 180.0
67.35, 44.17, 180.0
67.35, 44.17, 180.0
67.94, 43.07, 180.0
67.94, 43.07, 180.0
68.52, 43.07, 180.0
68.52, 43.07, 180.0
68.52, 39.75, 180.0
68.52, 39.75, 180.0
67.94, 38.65, 180.0
67.94, 38.65, 180.0
67.35, 38.65, 180.0
67.35, 38.65, 180.0
66.77, 37.55, 180.0
66.77, 37.55, 180.0
67.35, 36.44, 180.0
67.35, 36.44, 180.0
68.52, 36.44, 180.0
68.52, 36.44, 180.0
70.84, 40.86, 180.0
70.84, 40.86, 180.0
70.84, 44.17, 180.0
70.84, 44.17, 180.0
68.52, 48.59, 180.0
68.52, 48.59, 180.0
67.35, 48.59, 180.0
67.35, 48.59, 180.0
66.77, 49.69, 180.0
66.77, 49.69, 180.0
66.19, 49.69, 180.0
66.19, 49.69, 180.0
65.61, 50.8, 180.0
65.61, 50.8, 180.0
64.45, 50.8, 180.0
63.87, 51.9, 180.0
63.87, 51.9, 180.0
63.87, 54.11, 180.0
63.87, 54.11, 180.0
63.87, 53.01, 180.0
63.87, 53.01, 180.0
65.03, 50.8, 180.0
65.03, 50.8, 180.0
65.61, 50.8, 180.0
65.61, 50.8, 180.0
66.19, 49.69, 180.0
66.19, 49.69, 180.0
66.77, 49.69, 180.0
66.77, 49.69, 180.0
67.35, 48.59, 180.0
67.35, 48.59, 180.0
69.1, 48.59, 180.0
69.1, 48.59, 180.0
70.26, 46.38, 180.0
70.26, 46.38, 180.0
70.26, 45.28, 180.0
70.26, 45.28, 180.0
70.84, 44.17, 180.0
70.84, 44.17, 180.0
70.84, 39.75, 180.0
70.84, 39.75, 180.0
69.68, 37.55, 180.0
69.68, 37.55, 180.0
69.1, 37.55, 180.0
69.1, 37.55, 180.0
68.52, 36.44, 180.0
68.52, 36.44, 180.0
67.35, 36.44, 180.0
66.77, 35.34, 180.0
74.32, 28.71, 0.0
74.32, 28.71, 0.0
74.32, 32.02, 0.0
74.32, 32.02, 0.0
74.9, 33.13, 0.0
74.9, 46.38, 0.0
74.9, 46.38, 0.0
74.32, 47.48, 0.0
74.32, 49.69, 0.0
74.32, 49.69, 0.0
73.16, 51.9, 0.0
73.16, 53.01, 0.0
73.16, 53.01, 0.0
70.26, 58.53, 0.0
69.68, 58.53, 0.0
69.68, 58.53, 0.0
68.52, 60.74, 0.0
66.77, 60.74, 0.0
66.77, 60.74, 0.0
66.19, 61.84, 0.0
59.23, 61.84, 0.0
59.23, 61.84, 0.0
58.65, 60.74, 0.0
57.48, 62.94, 0.0
57.48, 62.94, 0.0
57.48, 125.89, 0.0
58.06, 126.99, 0.0
58.06, 126.99, 0.0
58.06, 131.41, 0.0
58.65, 132.52, 0.0
58.65, 132.52, 0.0
58.65, 133.62, 0.0
59.23, 134.72, 0.0
59.23, 134.72, 0.0
59.23, 136.93, 0.0
59.23, 136.93, 0.0
59.81, 138.04, 0.0
59.81, 139.14, 0.0
59.81, 139.14, 0.0
63.29, 145.77, 0.0
63.87, 145.77, 0.0
63.87, 145.77, 0.0
64.45, 146.87, 0.0
65.03, 146.87, 0.0
65.03, 146.87, 0.0
65.61, 147.98, 0.0
66.19, 147.98, 0.0
66.19, 147.98, 0.0
66.77, 149.08, 0.0
68.52, 149.08, 0.0
68.52, 149.08, 0.0
69.1, 150.18, 0.0
110.32, 150.18, 0.0
110.32, 150.18, 0.0
110.9, 149.08, 0.0
112.65, 149.08, 0.0
112.65, 149.08, 0.0
113.23, 147.98, 0.0
114.39, 147.98, 0.0
114.39, 147.98, 0.0
115.55, 145.77, 0.0
116.13, 145.77, 0.0
116.13, 145.77, 0.0
119.61, 139.14, 0.0
119.61, 138.04, 0.0
119.61, 138.04, 0.0
120.19, 136.93, 0.0
120.19, 136.93, 0.0
120.19, 134.72, 0.0
120.77, 133.62, 0.0
120.77, 133.62, 0.0
120.77, 131.41, 0.0
121.35, 130.31, 0.0
121.35, 130.31, 0.0
121.35, 126.99, 0.0
121.94, 125.89, 0.0
121.94, 125.89, 0.0
121.94, 54.11, 0.0
121.35, 53.01, 0.0
121.35, 53.01, 0.0
121.35, 47.48, 0.0
120.77, 46.38, 0.0
120.77, 46.38, 0.0
120.77, 45.28, 0.0
120.19, 44.17, 0.0
120.19, 44.17, 0.0
120.19, 41.96, 0.0
119.61, 40.86, 0.0
119.61, 40.86, 0.0
119.61, 39.75, 0.0
116.13, 33.13, 0.0
116.13, 33.13, 0.0
115.55, 33.13, 0.0
114.39, 30.92, 0.0
114.39, 30.92, 0.0
113.23, 30.92, 0.0
112.65, 29.82, 0.0
112.65, 29.82, 0.0
110.9, 29.82, 0.0
110.32, 28.71, 0.0
